electrode1,electrode2,electrode3,electrode4,electrode5,electrode6,electrode7,electrode8,electrode9,electrode10,electrode11,electrode12,electrode13,electrode14,electrode15,electrode16,electrode17,electrode18,electrode19,electrode20,electrode21
1,0.498363786,0.16353309,0.503329976,0.096488762,0.506225379,0.12579021,0.112095245,0.148746385,0.015510604,0.215393645,0.23750347,0.017678114,0.068275284,0.00716823,0.081811085,0.006764966,0.005679266,0.059639067,0.072683326,0.014402941
0.498363786,1,0.17729737,0.484553246,0.113506436,0.524274408,0.121346976,0.122603468,0.147803535,0.019611245,0.226106654,0.275855864,0.017417416,0.077699132,0.009355519,0.096007183,0.009061895,0.007521136,0.073322173,0.093477545,0.019694738
0.16353309,0.17729737,1,0.144728588,0.436200236,0.181534759,0.438743134,0.426446748,0.027008856,0.126617037,0.047465019,0.052032135,0.164789238,0.007332489,0.090833209,0.008067145,0.105502771,0.083172593,0.016041776,0.022552803,0.087047658
0.503329976,0.484553246,0.144728588,1,0.080924857,0.562902454,0.126632184,0.097439597,0.324162544,0.012198472,0.270951054,0.256407522,0.01670209,0.10568621,0.007120441,0.11020501,0.006968746,0.005524735,0.081500305,0.094390548,0.013293186
0.096488762,0.113506436,0.436200236,0.080924857,1,0.122241675,0.334661092,0.384332313,0.017462162,0.219814267,0.04365293,0.069226942,0.202904617,0.005260766,0.106026147,0.008234579,0.105810994,0.092755834,0.006750371,0.007533648,0.086505575
0.506225379,0.524274408,0.181534759,0.562902454,0.122241675,1,0.22906905,0.1639754,0.188467615,0.023311182,0.429308723,0.429853307,0.05230183,0.120750686,0.004539936,0.159229555,0.013818803,0.009201588,0.10240984,0.11932995,0.006332014
0.12579021,0.121346976,0.438743134,0.126632184,0.334661092,0.22906905,1,0.419175821,0.03874828,0.111356676,0.15312994,0.166011303,0.267759064,0.014534492,0.114251927,0.030763172,0.189155741,0.137410386,0.006852049,0.005418682,0.116721902
0.112095245,0.122603468,0.426446748,0.097439597,0.384332313,0.1639754,0.419175821,1,0.024050744,0.127432666,0.074597975,0.106504024,0.216983252,0.006242204,0.088984227,0.013622116,0.119756027,0.096076965,0.00550721,0.006002011,0.08217199
0.148746385,0.147803535,0.027008856,0.324162544,0.017462162,0.188467615,0.03874828,0.024050744,1,0.004567958,0.168531986,0.13556404,0.009787101,0.157017373,0.001778827,0.112627657,0.008769646,0.003335532,0.082671312,0.079807823,0.001673514
0.015510604,0.019611245,0.126617037,0.012198472,0.219814267,0.023311182,0.111356676,0.127432666,0.004567958,1,0.017008522,0.037037726,0.175363386,0.003956172,0.163461242,0.008840293,0.098432659,0.108674696,0.003041036,0.00488086,0.097428615
0.215393645,0.226106654,0.047465019,0.270951054,0.04365293,0.429308723,0.15312994,0.074597975,0.168531986,0.017008522,1,0.573788888,0.10985949,0.363045042,0.030070091,0.486491424,0.139381146,0.07558581,0.262441483,0.246458217,0.032762085
0.23750347,0.275855864,0.052032135,0.256407522,0.069226942,0.429853307,0.166011303,0.106504024,0.13556404,0.037037726,0.573788888,1,0.232178886,0.259585808,0.0700099,0.438827143,0.17033599,0.13985735,0.279831929,0.328176389,0.055485663
0.017678114,0.017417416,0.164789238,0.01670209,0.202904617,0.05230183,0.267759064,0.216983252,0.009787101,0.175363386,0.10985949,0.232178886,1,0.044262361,0.375929151,0.113343348,0.442856252,0.458566659,0.063763165,0.085931743,0.329130968
0.068275284,0.077699132,0.007332489,0.10568621,0.005260766,0.120750686,0.014534492,0.006242204,0.157017373,0.003956172,0.363045042,0.259585808,0.044262361,1,0.046424155,0.528685607,0.158034026,0.084869918,0.479988981,0.353852936,0.079168297
0.00716823,0.009355519,0.090833209,0.007120441,0.106026147,0.004539936,0.114251927,0.088984227,0.001778827,0.163461242,0.030070091,0.0700099,0.375929151,0.046424155,1,0.087724081,0.412974653,0.491682306,0.09978711,0.150368468,0.542886426
0.081811085,0.096007183,0.008067145,0.11020501,0.008234579,0.159229555,0.030763172,0.013622116,0.112627657,0.008840293,0.486491424,0.438827143,0.113343348,0.528685607,0.087724081,1,0.289238611,0.17713528,0.528343391,0.469769083,0.129529461
0.006764966,0.009061895,0.105502771,0.006968746,0.105810994,0.013818803,0.189155741,0.119756027,0.008769646,0.098432659,0.139381146,0.17033599,0.442856252,0.158034026,0.412974653,0.289238611,1,0.597508952,0.22268243,0.217871971,0.545808608
0.005679266,0.007521136,0.083172593,0.005524735,0.092755834,0.009201588,0.137410386,0.096076965,0.003335532,0.108674696,0.07558581,0.13985735,0.458566659,0.084869918,0.491682306,0.17713528,0.597508952,1,0.163648938,0.209835612,0.564756289
0.059639067,0.073322173,0.016041776,0.081500305,0.006750371,0.10240984,0.006852049,0.00550721,0.082671312,0.003041036,0.262441483,0.279831929,0.063763165,0.479988981,0.09978711,0.528343391,0.22268243,0.163648938,1,0.6354825,0.19005983
0.072683326,0.093477545,0.022552803,0.094390548,0.007533648,0.11932995,0.005418682,0.006002011,0.079807823,0.00488086,0.246458217,0.328176389,0.085931743,0.353852936,0.150368468,0.469769083,0.217871971,0.209835612,0.6354825,1,0.245917856
0.014402941,0.019694738,0.087047658,0.013293186,0.086505575,0.006332014,0.116721902,0.08217199,0.001673514,0.097428615,0.032762085,0.055485663,0.329130968,0.079168297,0.542886426,0.129529461,0.545808608,0.564756289,0.19005983,0.245917856,1