 1.000000 0.287375 0.298800 0.195035 0.277168 0.341528 0.273288 0.224146 0.241895 0.234319 0.390295 0.264091 0.184226 0.127103 0.125925 0.143467 0.169720 0.201975 0.174794 0.151919 0.166792 0.150336 0.150237 0.153414 0.169405 0.223073 0.156094 0.139698 0.129969 0.107834 0.102086 0.108976 0.112047 0.113666 0.122038 0.118199 0.117739 0.128952 0.117630 0.114280 0.113780 0.118392 0.125265 0.126021 0.121630 0.118288 0.107414 0.098842 0.106568 0.094703 0.098255 0.086090 0.080067 0.076361 0.077689 0.079689 0.092398 0.103369 0.101268 0.097510 0.096961 0.098750 0.090896 0.096105 0.086052 0.085385 0.086056 0.088615 0.091219 0.093835 0.081566 0.076003 0.070624 0.066930 0.058775 0.055856 0.056277 0.057953 0.072048 0.087978 0.092574 0.091343 0.091099 0.093537 0.090884 0.090467 0.076889 0.064199 0.063180 0.063277 0.067547 0.075982 0.079981 0.081834 0.059085 0.054746 0.054191 0.054120 0.055264 0.068403 0.077643 0.079789 0.083349 0.083048 0.083304 0.080018 0.075415 0.055049 0.054705 0.055221 0.059817 0.062580 0.062371 0.059922 0.059187 0.057370 0.058634 0.063756 0.074689 0.075387 0.076217 0.075431 0.074942 0.075966 0.068733 0.053958 0.053605 0.056104 0.059070 0.061273 0.067959 0.063142 0.062872 0.061392 0.064131 0.069004 0.075538 0.074390 0.075485 0.075493 0.075717 0.075112 0.070502 0.054614 0.056902 0.057834 0.058036 0.059626
 0.287375 1.000000 0.145927 0.385564 0.363563 0.249440 0.147258 0.127879 0.130153 0.121508 0.275029 0.391872 0.355021 0.241791 0.231081 0.233804 0.220977 0.172547 0.123249 0.107398 0.122114 0.110503 0.104010 0.095617 0.105949 0.183459 0.190337 0.233224 0.251893 0.201353 0.174465 0.180570 0.173996 0.138015 0.123212 0.097446 0.098719 0.108280 0.103709 0.097951 0.093216 0.095023 0.093986 0.095339 0.107802 0.147267 0.161435 0.166447 0.195386 0.151029 0.156727 0.121737 0.099221 0.085201 0.077667 0.073989 0.084920 0.097826 0.099640 0.096372 0.092105 0.091468 0.083366 0.084973 0.077357 0.085102 0.103164 0.123251 0.134469 0.150057 0.104975 0.094719 0.087226 0.078841 0.065708 0.057701 0.055559 0.054952 0.070074 0.090880 0.102009 0.096877 0.093171 0.095222 0.091053 0.089674 0.071912 0.060432 0.064058 0.068654 0.077531 0.093185 0.099253 0.106753 0.060224 0.054990 0.052297 0.053671 0.057001 0.072491 0.090771 0.092399 0.094173 0.092041 0.092944 0.085351 0.080386 0.054333 0.055742 0.056670 0.063641 0.066684 0.059537 0.054932 0.054408 0.055457 0.060864 0.068881 0.091384 0.093825 0.092534 0.087632 0.085241 0.090119 0.076843 0.054868 0.054776 0.057780 0.059002 0.058998 0.063088 0.059399 0.059755 0.060969 0.067836 0.077049 0.094011 0.093814 0.094522 0.093224 0.093699 0.092154 0.081711 0.056721 0.060820 0.060035 0.058197 0.060049
 0.298800 0.145927 1.000000 0.101737 0.144884 0.212390 0.324147 0.288042 0.344946 0.240101 0.242935 0.134041 0.104266 0.074857 0.076901 0.089955 0.114347 0.167807 0.197022 0.185900 0.213001 0.178003 0.178073 0.173134 0.169355 0.147617 0.091663 0.082997 0.081036 0.070758 0.071738 0.074342 0.083477 0.091662 0.108531 0.122088 0.138559 0.151887 0.137641 0.133920 0.126216 0.132725 0.131253 0.123640 0.093774 0.079293 0.070731 0.069144 0.074277 0.071669 0.073464 0.069461 0.067978 0.070124 0.075777 0.085653 0.103459 0.110211 0.105840 0.103912 0.103525 0.100406 0.090893 0.090503 0.081263 0.070287 0.067336 0.067435 0.068613 0.070196 0.074618 0.067907 0.065791 0.064839 0.057743 0.055873 0.056535 0.058932 0.076923 0.087539 0.091585 0.091521 0.089584 0.090428 0.086381 0.084666 0.071061 0.061097 0.057669 0.056537 0.059712 0.063024 0.071472 0.070640 0.058941 0.055358 0.054012 0.052868 0.054143 0.066342 0.072044 0.074346 0.078623 0.077247 0.076259 0.071258 0.068029 0.054780 0.053640 0.055756 0.058667 0.061719 0.061802 0.059165 0.058095 0.054900 0.054439 0.059369 0.065897 0.066976 0.067053 0.064961 0.064068 0.064672 0.060567 0.054313 0.055281 0.058149 0.060368 0.063667 0.063464 0.060662 0.059381 0.056168 0.056479 0.061835 0.064162 0.064334 0.065299 0.063518 0.063872 0.062948 0.061004 0.055334 0.056402 0.058598 0.059727 0.061117
 0.195035 0.385564 0.101737 1.000000 0.409584 0.218593 0.113621 0.107614 0.096787 0.091456 0.174609 0.306132 0.387817 0.414209 0.432572 0.373988 0.279706 0.165378 0.107155 0.092540 0.110746 0.106342 0.092683 0.078549 0.079378 0.131231 0.169114 0.241569 0.321961 0.327329 0.266140 0.304945 0.249716 0.175457 0.135405 0.097224 0.094530 0.107703 0.111360 0.103708 0.096917 0.090392 0.079287 0.074490 0.085861 0.129054 0.170494 0.200826 0.252333 0.210245 0.228611 0.178113 0.139941 0.108359 0.087502 0.075227 0.084211 0.103052 0.111093 0.109901 0.105617 0.100331 0.087714 0.077989 0.066613 0.072889 0.094757 0.125156 0.156968 0.196381 0.128822 0.125537 0.113875 0.098967 0.083733 0.069288 0.062325 0.056909 0.071064 0.099237 0.115560 0.113239 0.110648 0.110638 0.103959 0.093898 0.070273 0.055638 0.058549 0.066238 0.078235 0.103141 0.110466 0.130924 0.066187 0.059954 0.056567 0.055613 0.059301 0.077739 0.102760 0.110459 0.113641 0.112740 0.110972 0.098461 0.082920 0.055492 0.054739 0.055162 0.064029 0.068161 0.060115 0.055729 0.055040 0.056424 0.062952 0.074846 0.105216 0.112200 0.114317 0.111092 0.107713 0.106597 0.085087 0.057403 0.055666 0.057215 0.059306 0.059197 0.062471 0.059242 0.060392 0.061453 0.069548 0.084971 0.111084 0.114693 0.116763 0.117607 0.118213 0.112051 0.094191 0.060170 0.062536 0.061022 0.059589 0.060999
 0.277168 0.363563 0.144884 0.409584 1.000000 0.310552 0.177762 0.132244 0.114142 0.106846 0.193564 0.248804 0.282880 0.239807 0.285383 0.369637 0.434996 0.294875 0.173188 0.121695 0.122776 0.103408 0.092985 0.080509 0.082631 0.125120 0.133647 0.166360 0.198604 0.192695 0.192863 0.241785 0.271689 0.262206 0.210333 0.141102 0.125097 0.118947 0.103321 0.092416 0.085450 0.082449 0.076876 0.074108 0.080829 0.102034 0.118104 0.130190 0.163028 0.152691 0.175202 0.163927 0.157334 0.143130 0.121632 0.102049 0.106243 0.109531 0.100833 0.092220 0.087627 0.084338 0.076940 0.071543 0.063852 0.067001 0.078491 0.097505 0.113264 0.133939 0.111780 0.112470 0.108560 0.102627 0.089217 0.078904 0.072666 0.066862 0.083766 0.100514 0.100622 0.094084 0.090133 0.088433 0.083983 0.079608 0.065524 0.054564 0.056292 0.061284 0.068885 0.084335 0.095311 0.108421 0.066399 0.060403 0.057860 0.056672 0.058006 0.077792 0.090855 0.090528 0.089369 0.087445 0.086287 0.081061 0.072245 0.054929 0.054938 0.056404 0.061158 0.064847 0.060699 0.056031 0.053659 0.054381 0.057455 0.070358 0.088259 0.088020 0.087973 0.084087 0.083194 0.083790 0.073021 0.057262 0.057702 0.059610 0.060917 0.061312 0.060666 0.057354 0.057557 0.057339 0.062617 0.075363 0.088145 0.087885 0.088087 0.088601 0.088140 0.086675 0.078963 0.062253 0.061399 0.063279 0.062243 0.064190
 0.341528 0.249440 0.212390 0.218593 0.310552 1.000000 0.287083 0.211831 0.170037 0.144801 0.212582 0.189000 0.162292 0.138801 0.142604 0.181304 0.235644 0.315187 0.247535 0.188946 0.177084 0.149085 0.122913 0.104781 0.099905 0.128931 0.112914 0.116806 0.123122 0.115552 0.108258 0.134623 0.140730 0.160108 0.192035 0.184640 0.160289 0.158030 0.131624 0.117513 0.107582 0.099329 0.090785 0.083340 0.081890 0.091296 0.095070 0.095833 0.107394 0.097910 0.107084 0.096583 0.095209 0.097692 0.106074 0.108960 0.123813 0.128938 0.115774 0.107358 0.100516 0.096569 0.084367 0.080496 0.067299 0.066490 0.074510 0.082847 0.091125 0.095987 0.081046 0.077799 0.071669 0.068223 0.064365 0.061121 0.065787 0.069307 0.091013 0.108693 0.111695 0.104316 0.098435 0.097382 0.091445 0.086473 0.069393 0.056012 0.056395 0.060254 0.064514 0.074374 0.077646 0.082398 0.057715 0.054610 0.054558 0.055792 0.059748 0.077146 0.090343 0.092779 0.095325 0.090777 0.089714 0.084529 0.075477 0.053879 0.054353 0.055446 0.059368 0.061668 0.061350 0.058204 0.056674 0.055997 0.059617 0.066760 0.083301 0.086825 0.086266 0.084322 0.083777 0.084243 0.074735 0.054623 0.055321 0.057832 0.059390 0.061064 0.067082 0.062492 0.061886 0.060241 0.064678 0.071179 0.082846 0.083295 0.085251 0.085311 0.086075 0.085245 0.079122 0.055842 0.056502 0.059922 0.060321 0.061300
 0.273288 0.147258 0.324147 0.113621 0.177762 0.287083 1.000000 0.319608 0.240694 0.164441 0.178385 0.118555 0.103094 0.082184 0.086404 0.106749 0.149080 0.267104 0.349311 0.282142 0.259897 0.176261 0.141713 0.118122 0.107394 0.105730 0.079023 0.081503 0.082631 0.077980 0.080083 0.085559 0.098987 0.119999 0.166453 0.217220 0.225836 0.215511 0.160036 0.130821 0.108525 0.098733 0.092301 0.083292 0.072320 0.070060 0.070177 0.071419 0.079180 0.076596 0.080822 0.077180 0.075486 0.083995 0.100899 0.125663 0.161045 0.152849 0.127563 0.110367 0.099020 0.089031 0.075212 0.073822 0.065543 0.061304 0.064276 0.068962 0.072767 0.074576 0.076055 0.071143 0.068939 0.068446 0.059848 0.059038 0.064194 0.073425 0.102717 0.115393 0.111932 0.101248 0.092304 0.087267 0.078022 0.073801 0.062624 0.056029 0.055267 0.056784 0.060539 0.065156 0.073299 0.073270 0.060575 0.056156 0.054844 0.054693 0.058863 0.078273 0.084849 0.083961 0.083885 0.078262 0.074154 0.068691 0.065370 0.053962 0.053859 0.056253 0.059333 0.061707 0.063631 0.060040 0.057497 0.054932 0.054880 0.063710 0.072337 0.072548 0.071366 0.068258 0.066514 0.065314 0.061526 0.054466 0.055695 0.058165 0.060594 0.063443 0.065033 0.061399 0.059496 0.055588 0.056341 0.065412 0.069391 0.067630 0.068300 0.067159 0.066083 0.065285 0.063212 0.055640 0.054399 0.059896 0.060437 0.062941
 0.224146 0.127879 0.288042 0.107614 0.132244 0.211831 0.319608 1.000000 0.362375 0.239774 0.167847 0.116159 0.094136 0.088638 0.094066 0.097373 0.108946 0.159689 0.219618 0.266695 0.393179 0.352292 0.280927 0.206306 0.141394 0.125071 0.092407 0.086470 0.083126 0.084916 0.082902 0.087003 0.087112 0.084925 0.116006 0.153983 0.198896 0.293469 0.297779 0.256963 0.232348 0.191432 0.133475 0.099109 0.085937 0.077308 0.080122 0.078083 0.080403 0.078973 0.079500 0.073473 0.070321 0.067308 0.076121 0.091245 0.127032 0.197450 0.209458 0.198901 0.191643 0.172015 0.140364 0.103216 0.075608 0.066853 0.067880 0.069876 0.075797 0.079027 0.072226 0.071848 0.067767 0.063592 0.058331 0.055563 0.056702 0.061808 0.089601 0.142181 0.162417 0.167447 0.165584 0.157713 0.138841 0.116918 0.082336 0.058216 0.055801 0.058586 0.060077 0.068614 0.069175 0.073406 0.061762 0.059110 0.056802 0.055922 0.061484 0.083342 0.112131 0.127549 0.135439 0.132490 0.123771 0.108451 0.082948 0.054821 0.051765 0.054128 0.058570 0.061096 0.064492 0.061796 0.061410 0.058651 0.061166 0.070907 0.096657 0.104968 0.109913 0.109302 0.105968 0.094940 0.076258 0.052756 0.052272 0.055813 0.058091 0.060057 0.069157 0.063473 0.064011 0.060959 0.064986 0.073692 0.092107 0.098590 0.100803 0.101189 0.099344 0.092322 0.079945 0.054555 0.054990 0.056808 0.057873 0.059968
 0.241895 0.130153 0.344946 0.096787 0.114142 0.170037 0.240694 0.362375 1.000000 0.309446 0.234267 0.131199 0.098516 0.079491 0.080008 0.082503 0.091108 0.117588 0.143806 0.175734 0.285186 0.307287 0.346453 0.320730 0.237610 0.173602 0.098650 0.090396 0.082249 0.078643 0.076795 0.077026 0.079498 0.074274 0.084702 0.096646 0.122543 0.177919 0.196023 0.223136 0.245773 0.265066 0.227472 0.167633 0.111446 0.086802 0.080184 0.074432 0.078734 0.076379 0.076863 0.069421 0.064975 0.061683 0.062784 0.069397 0.089908 0.123438 0.137560 0.155302 0.173881 0.186587 0.165851 0.148970 0.106376 0.079678 0.072189 0.070953 0.073052 0.075553 0.071708 0.068156 0.065425 0.062807 0.056235 0.054365 0.053050 0.054663 0.069267 0.096350 0.115096 0.127154 0.136477 0.150700 0.148331 0.144845 0.106670 0.072070 0.061627 0.058688 0.059310 0.065189 0.067181 0.069441 0.060779 0.058244 0.057393 0.056692 0.057250 0.068813 0.086184 0.095879 0.109165 0.114557 0.118342 0.111448 0.097937 0.061265 0.055528 0.054252 0.057312 0.058533 0.065445 0.063471 0.064633 0.061328 0.061363 0.064463 0.080210 0.085862 0.089300 0.089066 0.090058 0.092740 0.078813 0.055220 0.053548 0.055452 0.057195 0.059187 0.070114 0.066119 0.066843 0.063628 0.065781 0.069860 0.079269 0.081098 0.084511 0.084524 0.085580 0.083831 0.074968 0.054677 0.054757 0.055795 0.056297 0.058047
 0.234319 0.121508 0.240101 0.091456 0.106846 0.144801 0.164441 0.239774 0.309446 1.000000 0.269183 0.137859 0.093488 0.077947 0.077419 0.074711 0.077998 0.090803 0.099015 0.107730 0.147659 0.182962 0.247804 0.326799 0.290656 0.237224 0.131363 0.092217 0.078534 0.071378 0.069057 0.070046 0.066314 0.063203 0.069734 0.075390 0.082517 0.104983 0.123453 0.138726 0.170736 0.202384 0.213646 0.187496 0.163618 0.101387 0.084615 0.072652 0.070232 0.067274 0.064809 0.062416 0.061276 0.056695 0.057622 0.058504 0.065078 0.083411 0.094990 0.105338 0.121728 0.144474 0.157418 0.148470 0.120751 0.098810 0.077545 0.069565 0.068804 0.067208 0.063545 0.062549 0.059454 0.057165 0.055187 0.053384 0.053404 0.053573 0.057447 0.072916 0.080598 0.090864 0.101169 0.113737 0.117522 0.122758 0.116634 0.077594 0.066692 0.063454 0.060994 0.064609 0.061336 0.063604 0.058932 0.056799 0.057349 0.058313 0.058978 0.060048 0.068521 0.075241 0.082669 0.088432 0.092932 0.095056 0.084912 0.062405 0.057570 0.054451 0.057092 0.058011 0.061729 0.061241 0.064383 0.064155 0.064330 0.059846 0.068248 0.070748 0.074088 0.075661 0.077687 0.075564 0.069016 0.054536 0.053163 0.055078 0.056245 0.058113 0.069943 0.066474 0.067658 0.065281 0.065577 0.064066 0.069063 0.070814 0.071843 0.072811 0.072856 0.070490 0.066176 0.053496 0.053144 0.055259 0.055786 0.057327
 0.390295 0.275029 0.242935 0.174609 0.193564 0.212582 0.178385 0.167847 0.234267 0.269183 1.000000 0.358979 0.211455 0.126751 0.113733 0.115193 0.117128 0.121904 0.112099 0.106190 0.131343 0.135147 0.160034 0.200217 0.270024 0.420872 0.233686 0.185281 0.148200 0.110705 0.101395 0.099751 0.096541 0.086407 0.084987 0.080768 0.087323 0.098924 0.101753 0.108250 0.120085 0.145403 0.185524 0.217326 0.217425 0.185591 0.141638 0.116198 0.120678 0.100027 0.100072 0.082486 0.071390 0.064747 0.063384 0.065119 0.074261 0.084497 0.088261 0.093140 0.097163 0.109500 0.112148 0.135053 0.136861 0.137039 0.124001 0.113965 0.105340 0.100919 0.084636 0.074845 0.069857 0.064940 0.056441 0.054070 0.052969 0.054617 0.063461 0.076589 0.085030 0.086720 0.089240 0.098043 0.101201 0.111911 0.100143 0.085864 0.083707 0.076466 0.076339 0.082918 0.084625 0.085035 0.059166 0.055839 0.055964 0.057951 0.058566 0.066317 0.076467 0.078103 0.082361 0.084326 0.088989 0.089052 0.089370 0.061604 0.061446 0.058728 0.062820 0.063938 0.063504 0.061598 0.062251 0.062086 0.064478 0.065753 0.077343 0.077459 0.077634 0.074592 0.075351 0.081985 0.074209 0.054755 0.054759 0.057032 0.058343 0.059874 0.070815 0.066868 0.067160 0.065707 0.069800 0.072829 0.078945 0.076654 0.077079 0.076258 0.077332 0.077702 0.071731 0.053287 0.058563 0.056634 0.056156 0.058247
 0.264091 0.391872 0.134041 0.306132 0.248804 0.189000 0.118555 0.116159 0.131199 0.137859 0.358979 1.000000 0.379742 0.235510 0.192352 0.165928 0.145988 0.116480 0.094049 0.087324 0.111717 0.108288 0.109815 0.112469 0.137514 0.297388 0.332685 0.382392 0.282997 0.196880 0.152932 0.144438 0.129832 0.097603 0.087206 0.075625 0.082197 0.096088 0.098948 0.098352 0.097343 0.106830 0.115711 0.131474 0.179643 0.253541 0.259652 0.210424 0.216362 0.145633 0.138796 0.102821 0.081275 0.068582 0.062711 0.062628 0.073168 0.088855 0.095908 0.097750 0.094574 0.097702 0.094024 0.100448 0.102675 0.127926 0.158630 0.171208 0.165395 0.158220 0.099571 0.086938 0.078052 0.070606 0.058815 0.053414 0.051754 0.052212 0.064112 0.084271 0.097909 0.096606 0.094674 0.100443 0.097924 0.100661 0.084025 0.073034 0.083971 0.090461 0.097105 0.111910 0.103995 0.106165 0.058236 0.055022 0.053943 0.056714 0.060296 0.070759 0.089220 0.090947 0.095400 0.095309 0.097339 0.089735 0.087091 0.057508 0.060644 0.062213 0.071349 0.072083 0.060374 0.057594 0.058724 0.061042 0.066488 0.070269 0.090768 0.093196 0.093461 0.088132 0.085853 0.091694 0.079294 0.054881 0.055425 0.058627 0.060321 0.059672 0.067562 0.062848 0.065631 0.067156 0.074592 0.077984 0.094198 0.093827 0.094885 0.093245 0.094732 0.092672 0.081676 0.055198 0.059364 0.057924 0.056025 0.058528
 0.184226 0.355021 0.104266 0.387817 0.282880 0.162292 0.103094 0.094136 0.098516 0.093488 0.211455 0.379742 1.000000 0.327698 0.272086 0.221739 0.180216 0.121822 0.092987 0.082338 0.099336 0.090520 0.086900 0.080021 0.089192 0.159344 0.219801 0.342314 0.436124 0.280185 0.224910 0.198873 0.177252 0.123185 0.097396 0.077950 0.083105 0.092762 0.092820 0.088526 0.084266 0.085990 0.082814 0.087097 0.106318 0.176554 0.219984 0.265308 0.329771 0.219977 0.206570 0.142866 0.100146 0.080733 0.069207 0.065845 0.077228 0.089359 0.094945 0.093510 0.086963 0.085574 0.079287 0.077014 0.076028 0.088906 0.123705 0.172912 0.188159 0.219542 0.143228 0.113606 0.101025 0.086170 0.064848 0.057623 0.053211 0.052219 0.065442 0.085454 0.098618 0.096100 0.090458 0.093412 0.087483 0.084586 0.068539 0.059473 0.066523 0.077079 0.093754 0.117131 0.137153 0.142058 0.060301 0.054460 0.051550 0.053683 0.057823 0.071328 0.090262 0.091285 0.095057 0.092059 0.092900 0.082862 0.077125 0.054965 0.055626 0.057281 0.068209 0.074010 0.058748 0.054261 0.053638 0.055191 0.060647 0.068838 0.091850 0.094875 0.094639 0.086288 0.083373 0.087415 0.074081 0.055177 0.054397 0.057584 0.060653 0.060393 0.062249 0.058590 0.059587 0.060743 0.069561 0.076798 0.093612 0.093419 0.096902 0.093767 0.094861 0.091132 0.078728 0.056436 0.064417 0.059698 0.057135 0.059480
 0.127103 0.241791 0.074857 0.414209 0.239807 0.138801 0.082184 0.088638 0.079491 0.077947 0.126751 0.235510 0.327698 1.000000 0.455807 0.286967 0.179205 0.107639 0.081495 0.076063 0.094251 0.092936 0.084942 0.073745 0.071330 0.115423 0.175567 0.272354 0.399290 0.487502 0.305122 0.299646 0.196187 0.126175 0.099353 0.078112 0.080932 0.094959 0.102812 0.096704 0.093895 0.087550 0.074862 0.068586 0.084583 0.137227 0.215372 0.296116 0.350362 0.301539 0.262470 0.185074 0.129935 0.088706 0.072913 0.065060 0.074572 0.094680 0.105869 0.104169 0.103371 0.098604 0.089615 0.075962 0.065890 0.074595 0.101502 0.158262 0.215386 0.297749 0.171040 0.161973 0.127753 0.099480 0.077517 0.061807 0.056566 0.053191 0.066101 0.093516 0.109773 0.110931 0.109323 0.108357 0.102427 0.092480 0.070767 0.055825 0.060501 0.074164 0.093956 0.136210 0.147555 0.185698 0.065758 0.056851 0.054049 0.054137 0.059536 0.074627 0.099350 0.109874 0.111719 0.112139 0.108333 0.097477 0.082157 0.055126 0.054541 0.056632 0.069371 0.077468 0.058244 0.053871 0.054388 0.055550 0.062955 0.073762 0.104095 0.110409 0.114471 0.109640 0.106294 0.104533 0.084190 0.055965 0.053914 0.056693 0.059964 0.060924 0.062196 0.058912 0.059880 0.061666 0.069174 0.083656 0.111341 0.115324 0.117295 0.116860 0.117035 0.109620 0.093296 0.058685 0.062226 0.059368 0.057513 0.058891
 0.125925 0.231081 0.076901 0.432572 0.285383 0.142604 0.086404 0.094066 0.080008 0.077419 0.113733 0.192352 0.272086 0.455807 1.000000 0.404783 0.249317 0.130754 0.088797 0.080749 0.098178 0.096309 0.086450 0.072867 0.068517 0.099792 0.137068 0.194069 0.283208 0.401031 0.344351 0.412973 0.290765 0.178142 0.126765 0.088524 0.087526 0.102396 0.110328 0.101923 0.096130 0.087975 0.072425 0.064616 0.074075 0.105554 0.154499 0.200100 0.251182 0.260787 0.292166 0.247540 0.193980 0.123068 0.091322 0.073503 0.079704 0.102652 0.112453 0.111026 0.111355 0.103516 0.091314 0.073877 0.062444 0.065357 0.082841 0.114811 0.156246 0.220739 0.157197 0.176514 0.156153 0.131935 0.108181 0.079919 0.065872 0.057597 0.071029 0.100880 0.116238 0.117403 0.117271 0.115272 0.107115 0.093987 0.071229 0.055096 0.056111 0.063716 0.075373 0.107008 0.116374 0.153858 0.078049 0.067128 0.060201 0.056206 0.059726 0.078294 0.104864 0.116241 0.117442 0.117825 0.114259 0.102014 0.082284 0.058453 0.055358 0.055281 0.062475 0.067991 0.063494 0.057807 0.056242 0.055508 0.061166 0.074860 0.108591 0.115213 0.120425 0.116410 0.111729 0.109182 0.086402 0.060049 0.056115 0.057051 0.058473 0.058674 0.061883 0.058120 0.058415 0.059648 0.067895 0.085292 0.114353 0.119998 0.121601 0.121671 0.122167 0.114567 0.096703 0.063526 0.062796 0.061109 0.059649 0.061773
 0.143467 0.233804 0.089955 0.373988 0.369637 0.181304 0.106749 0.097373 0.082503 0.074711 0.115193 0.165928 0.221739 0.286967 0.404783 1.000000 0.418054 0.202752 0.122686 0.095479 0.101908 0.090115 0.080663 0.068651 0.065751 0.090783 0.103607 0.140920 0.197661 0.251142 0.257485 0.409121 0.424996 0.327511 0.201380 0.119287 0.107103 0.105944 0.098299 0.088622 0.082627 0.079429 0.070303 0.063766 0.067631 0.086787 0.111534 0.136356 0.179355 0.192663 0.250619 0.253490 0.275172 0.208030 0.140977 0.100353 0.097138 0.105363 0.101697 0.094676 0.090618 0.085813 0.080271 0.070858 0.061361 0.061806 0.073144 0.093822 0.117746 0.155206 0.133183 0.149898 0.151369 0.152552 0.143462 0.113987 0.088414 0.071068 0.083691 0.102392 0.105210 0.098761 0.094672 0.094254 0.090007 0.083961 0.067716 0.055865 0.056608 0.060339 0.066916 0.086321 0.097989 0.123965 0.085439 0.079466 0.070916 0.062970 0.060270 0.080946 0.098684 0.099217 0.096742 0.095498 0.095698 0.088851 0.078576 0.060315 0.057966 0.057120 0.060299 0.064138 0.065416 0.060971 0.059353 0.057443 0.058497 0.073949 0.097928 0.099099 0.098727 0.093336 0.093262 0.095618 0.081677 0.062737 0.060459 0.060752 0.060356 0.060336 0.059880 0.057914 0.056895 0.057158 0.063139 0.082594 0.099969 0.099473 0.099818 0.099796 0.100759 0.098809 0.088427 0.066146 0.064789 0.066329 0.063541 0.065398
 0.169720 0.220977 0.114347 0.279706 0.434996 0.235644 0.149080 0.108946 0.091108 0.077998 0.117128 0.145988 0.180216 0.179205 0.249317 0.418054 1.000000 0.367078 0.189917 0.123622 0.111974 0.087896 0.078542 0.065847 0.064018 0.083415 0.088986 0.113396 0.140631 0.156282 0.178946 0.252548 0.408846 0.494329 0.336107 0.175803 0.139343 0.116818 0.094070 0.083821 0.073249 0.072058 0.065734 0.061501 0.063333 0.076559 0.089505 0.100435 0.127058 0.132341 0.167406 0.191861 0.236306 0.262298 0.203761 0.141433 0.127748 0.113107 0.095500 0.085878 0.079781 0.075859 0.069778 0.064445 0.058258 0.058229 0.068450 0.080708 0.093449 0.111967 0.106926 0.114231 0.120119 0.131204 0.129031 0.122982 0.107249 0.088512 0.101884 0.105779 0.098178 0.088184 0.082882 0.081489 0.077296 0.073344 0.061274 0.054612 0.054763 0.058587 0.063967 0.075368 0.086931 0.099382 0.076615 0.073243 0.072272 0.067290 0.064209 0.084147 0.091290 0.086896 0.084079 0.082063 0.082529 0.077128 0.070298 0.059136 0.057808 0.058692 0.061165 0.063627 0.063610 0.059331 0.057808 0.057328 0.057252 0.071870 0.086649 0.085205 0.082525 0.080073 0.080073 0.083170 0.073165 0.063363 0.061764 0.062389 0.062239 0.062754 0.057991 0.056518 0.055690 0.055146 0.060747 0.075722 0.086636 0.083532 0.083642 0.083855 0.085168 0.085787 0.078745 0.067205 0.064016 0.066784 0.065416 0.066770
 0.201975 0.172547 0.167807 0.165378 0.294875 0.315187 0.267104 0.159689 0.117588 0.090803 0.121904 0.116480 0.121822 0.107639 0.130754 0.202752 0.367078 1.000000 0.407145 0.226526 0.153485 0.104492 0.086187 0.069926 0.068196 0.081529 0.076053 0.085887 0.096902 0.098193 0.102911 0.130892 0.188605 0.306700 0.449908 0.347768 0.250586 0.170150 0.112042 0.091521 0.074507 0.070624 0.065707 0.063614 0.062227 0.069047 0.073488 0.078265 0.090390 0.089583 0.101773 0.105460 0.126169 0.178523 0.229770 0.221933 0.209297 0.152128 0.108693 0.089849 0.078283 0.071545 0.065107 0.061729 0.058440 0.058082 0.063867 0.071185 0.077783 0.084106 0.080127 0.080197 0.081277 0.085081 0.084667 0.090072 0.104953 0.112729 0.144469 0.129300 0.107901 0.089460 0.079410 0.075185 0.070282 0.067400 0.058228 0.054900 0.055928 0.058637 0.061845 0.068432 0.075454 0.078253 0.063795 0.060511 0.063099 0.066700 0.071243 0.092667 0.093209 0.084488 0.080293 0.074685 0.072935 0.068845 0.065538 0.056650 0.057300 0.058983 0.060497 0.063315 0.061647 0.057152 0.055049 0.055607 0.057674 0.070496 0.080165 0.078074 0.072790 0.070458 0.069499 0.071315 0.066244 0.059538 0.059692 0.061475 0.062783 0.064143 0.058368 0.056328 0.055093 0.053745 0.058354 0.071321 0.076304 0.073385 0.073252 0.072295 0.072189 0.073938 0.070758 0.062057 0.058753 0.064403 0.064889 0.066985
 0.174794 0.123249 0.197022 0.107155 0.173188 0.247535 0.349311 0.219618 0.143806 0.099015 0.112099 0.094049 0.092987 0.081495 0.088797 0.122686 0.189917 0.407145 1.000000 0.353520 0.219155 0.131388 0.099018 0.077188 0.070751 0.077076 0.067204 0.073844 0.079807 0.080179 0.081795 0.092768 0.118090 0.171022 0.310854 0.441196 0.421197 0.260958 0.150841 0.109057 0.082433 0.074540 0.068977 0.063908 0.061219 0.065136 0.067438 0.071537 0.080153 0.079876 0.084594 0.082413 0.088595 0.117392 0.180172 0.259046 0.314012 0.219720 0.140124 0.105471 0.084159 0.073242 0.063887 0.062819 0.058597 0.058283 0.063028 0.069090 0.073108 0.076765 0.077215 0.072737 0.072178 0.072257 0.068102 0.070673 0.089300 0.119997 0.187954 0.168246 0.134128 0.104870 0.086199 0.076614 0.068230 0.065330 0.058016 0.053926 0.055722 0.059213 0.061646 0.066933 0.074873 0.075479 0.060282 0.056813 0.058206 0.064486 0.076466 0.108797 0.107011 0.093475 0.086375 0.075063 0.069935 0.065055 0.062632 0.055349 0.056614 0.058869 0.062045 0.063565 0.061221 0.057477 0.055515 0.055989 0.058652 0.074285 0.082188 0.079459 0.072324 0.067920 0.065192 0.065636 0.062158 0.057082 0.058492 0.061737 0.063116 0.064519 0.059952 0.056918 0.055433 0.054481 0.057022 0.070764 0.072881 0.070225 0.070116 0.067587 0.066534 0.067096 0.065215 0.057902 0.057527 0.062584 0.063279 0.065542
 0.151919 0.107398 0.185900 0.092540 0.121695 0.188946 0.282142 0.266695 0.175734 0.107730 0.106190 0.087324 0.082338 0.076063 0.080749 0.095479 0.123622 0.226526 0.353520 1.000000 0.286770 0.186745 0.129772 0.093394 0.076344 0.076971 0.066906 0.072445 0.074523 0.075179 0.073144 0.078958 0.091096 0.109939 0.171696 0.264026 0.355215 0.317658 0.211834 0.150142 0.110836 0.092167 0.079021 0.067214 0.060712 0.065082 0.067220 0.070544 0.073792 0.074311 0.075304 0.072788 0.074537 0.084188 0.109479 0.161199 0.243794 0.253573 0.183333 0.142042 0.112139 0.092717 0.077092 0.068424 0.059747 0.058211 0.063123 0.068344 0.070081 0.074857 0.070810 0.067664 0.065780 0.064562 0.061254 0.060762 0.068667 0.089039 0.153526 0.178768 0.164068 0.133159 0.108782 0.094791 0.081000 0.073975 0.060535 0.053326 0.055239 0.058713 0.061685 0.066390 0.070448 0.070344 0.060843 0.057649 0.056010 0.058543 0.070068 0.108389 0.119183 0.109428 0.105272 0.090630 0.081804 0.073014 0.066101 0.052869 0.054293 0.057192 0.060660 0.063242 0.062646 0.058341 0.056679 0.055394 0.058970 0.076241 0.090348 0.091333 0.083161 0.079065 0.074635 0.072454 0.065781 0.055212 0.055231 0.059053 0.061647 0.063467 0.062321 0.059280 0.058382 0.056218 0.059267 0.075440 0.080612 0.077952 0.078053 0.075233 0.073316 0.073041 0.068993 0.055839 0.056873 0.060483 0.061445 0.063460
 0.166792 0.122114 0.213001 0.110746 0.122776 0.177084 0.259897 0.393179 0.285186 0.147659 0.131343 0.111717 0.099336 0.094251 0.098178 0.101908 0.111974 0.153485 0.219155 0.286770 1.000000 0.362443 0.235402 0.146014 0.103342 0.098497 0.079978 0.091436 0.090397 0.095485 0.094341 0.095096 0.098919 0.088883 0.117617 0.159148 0.231826 0.450749 0.411051 0.311804 0.219681 0.173419 0.111295 0.082859 0.072171 0.073927 0.083895 0.083815 0.091333 0.089994 0.091911 0.079291 0.071852 0.069461 0.077240 0.098216 0.161663 0.282981 0.305356 0.275885 0.222121 0.174104 0.124176 0.091015 0.067081 0.061237 0.067592 0.073793 0.082163 0.086760 0.077806 0.075441 0.070630 0.066800 0.059196 0.055972 0.056890 0.064698 0.106636 0.194435 0.250835 0.241591 0.208903 0.182586 0.147349 0.116860 0.075050 0.054825 0.054348 0.058000 0.060387 0.069277 0.073288 0.078536 0.063979 0.059017 0.055896 0.055344 0.063298 0.101424 0.156724 0.175954 0.184460 0.164963 0.145065 0.115394 0.086672 0.055678 0.052702 0.054592 0.058984 0.060380 0.064745 0.060501 0.059530 0.056349 0.060377 0.078850 0.125766 0.140902 0.142596 0.127609 0.117321 0.109716 0.082317 0.055381 0.052743 0.056585 0.058322 0.059256 0.066585 0.061179 0.061841 0.059837 0.064277 0.082182 0.113640 0.122317 0.127684 0.121858 0.117304 0.108982 0.087363 0.055867 0.056157 0.058139 0.058400 0.060034
 0.150336 0.110503 0.178003 0.106342 0.103408 0.149085 0.176261 0.352292 0.307287 0.182962 0.135147 0.108288 0.090520 0.092936 0.096309 0.090115 0.087896 0.104492 0.131388 0.186745 0.362443 1.000000 0.374298 0.219268 0.131759 0.114742 0.088703 0.091818 0.085128 0.091638 0.087956 0.089061 0.082267 0.071235 0.084535 0.102371 0.139669 0.265898 0.384158 0.418212 0.384194 0.270938 0.160227 0.101560 0.084351 0.077618 0.085437 0.082336 0.084405 0.082161 0.082520 0.073394 0.066265 0.061277 0.062810 0.069980 0.099785 0.192826 0.257054 0.313636 0.315274 0.311515 0.215022 0.130682 0.080524 0.067873 0.068442 0.071703 0.079089 0.081956 0.070210 0.070168 0.065641 0.062960 0.057609 0.055490 0.054040 0.055234 0.077828 0.145022 0.207457 0.250118 0.271282 0.278505 0.236862 0.177586 0.100812 0.062346 0.056792 0.058022 0.059593 0.067982 0.065735 0.071440 0.064250 0.060826 0.058697 0.057867 0.063274 0.083900 0.135430 0.178974 0.210558 0.215031 0.203189 0.172929 0.109321 0.059337 0.054110 0.053622 0.056402 0.057590 0.067391 0.064070 0.064787 0.061609 0.066750 0.074912 0.121941 0.147641 0.162585 0.175782 0.170072 0.143097 0.098760 0.055515 0.051898 0.054196 0.057140 0.057475 0.073034 0.067248 0.068643 0.065425 0.070853 0.081669 0.118856 0.138609 0.148343 0.154228 0.149869 0.135951 0.103482 0.055264 0.054889 0.056224 0.056718 0.057453
 0.150237 0.104010 0.178073 0.092683 0.092985 0.122913 0.141713 0.280927 0.346453 0.247804 0.160034 0.109815 0.086900 0.084942 0.086450 0.080663 0.078542 0.086187 0.099018 0.129772 0.235402 0.374298 1.000000 0.330923 0.196512 0.148614 0.096436 0.089168 0.080470 0.083266 0.080654 0.080366 0.075241 0.066362 0.072224 0.078131 0.099235 0.162510 0.229786 0.297137 0.359391 0.339492 0.246869 0.152115 0.108001 0.083769 0.083260 0.078229 0.077678 0.076803 0.075982 0.070782 0.064893 0.059602 0.058533 0.060379 0.074199 0.124614 0.162259 0.208854 0.252689 0.309998 0.280960 0.187994 0.110596 0.080381 0.071034 0.070261 0.075003 0.075783 0.068904 0.069183 0.065289 0.062440 0.058211 0.056428 0.054424 0.053091 0.063682 0.098931 0.131255 0.163355 0.196713 0.229930 0.224765 0.209903 0.135494 0.075440 0.062364 0.059368 0.058818 0.065761 0.064456 0.069317 0.063832 0.060819 0.060043 0.060125 0.063898 0.069905 0.097047 0.121065 0.145541 0.162613 0.173167 0.170730 0.123271 0.066743 0.057103 0.054094 0.056125 0.056438 0.066849 0.064474 0.067040 0.066184 0.070053 0.067708 0.093229 0.106566 0.118670 0.129748 0.136555 0.128183 0.098758 0.057044 0.052976 0.054281 0.055527 0.055422 0.072229 0.068018 0.070534 0.069040 0.073191 0.072544 0.093282 0.104286 0.111383 0.117385 0.116716 0.114042 0.094956 0.055029 0.055037 0.055066 0.054953 0.055767
 0.153414 0.095617 0.173134 0.078549 0.080509 0.104781 0.118122 0.206306 0.320730 0.326799 0.200217 0.112469 0.080021 0.073745 0.072867 0.068651 0.065847 0.069926 0.077188 0.093394 0.146014 0.219268 0.330923 1.000000 0.402285 0.217821 0.116648 0.086246 0.072978 0.070767 0.069112 0.068440 0.065100 0.059898 0.061287 0.064424 0.072502 0.099843 0.131351 0.170498 0.281209 0.381781 0.414625 0.285958 0.173159 0.101181 0.084567 0.071860 0.068711 0.067778 0.066972 0.064888 0.061906 0.057568 0.056170 0.055861 0.060726 0.081628 0.099271 0.120036 0.160935 0.225676 0.277428 0.282395 0.188149 0.117962 0.081001 0.071018 0.070255 0.068106 0.065232 0.065051 0.062951 0.060106 0.058102 0.057636 0.057434 0.056175 0.056948 0.072301 0.084374 0.100009 0.121097 0.151186 0.186291 0.220504 0.200647 0.112860 0.079662 0.065364 0.061228 0.065885 0.061951 0.065170 0.063361 0.061605 0.063674 0.064986 0.066306 0.061715 0.071712 0.081352 0.093459 0.109093 0.126224 0.141463 0.135124 0.081124 0.067903 0.057302 0.056790 0.057126 0.065836 0.065077 0.070345 0.072179 0.073141 0.064011 0.072840 0.075636 0.082023 0.088234 0.095353 0.101011 0.094282 0.062350 0.056226 0.055100 0.054820 0.055662 0.073566 0.070184 0.073100 0.071234 0.072403 0.068405 0.074784 0.076686 0.078297 0.080357 0.084642 0.083038 0.079774 0.057155 0.055280 0.055168 0.053615 0.054816
 0.169405 0.105949 0.169355 0.079378 0.082631 0.099905 0.107394 0.141394 0.237610 0.290656 0.270024 0.137514 0.089192 0.071330 0.068517 0.065751 0.064018 0.068196 0.070751 0.076344 0.103342 0.131759 0.196512 0.402285 1.000000 0.314188 0.145298 0.095525 0.076042 0.068134 0.065703 0.064690 0.061850 0.058502 0.059213 0.060087 0.063860 0.075197 0.087737 0.106829 0.161548 0.231222 0.364148 0.414510 0.254028 0.133825 0.093288 0.072735 0.068680 0.066868 0.065618 0.061413 0.058455 0.056260 0.055879 0.055855 0.057268 0.065026 0.072174 0.082635 0.104572 0.137890 0.172861 0.247295 0.244568 0.170785 0.101111 0.079887 0.072050 0.067575 0.065339 0.062584 0.060307 0.058194 0.056592 0.056939 0.056285 0.056672 0.055014 0.061205 0.066522 0.072767 0.083487 0.101625 0.125889 0.160024 0.174908 0.140424 0.103790 0.075689 0.068360 0.069046 0.064412 0.064344 0.060597 0.060114 0.062603 0.064623 0.064076 0.058670 0.062332 0.064569 0.070385 0.080264 0.092212 0.103680 0.113538 0.083134 0.075357 0.062668 0.060579 0.059814 0.063397 0.062993 0.069230 0.071538 0.070933 0.061727 0.064009 0.063663 0.065052 0.068426 0.073076 0.080512 0.080512 0.062533 0.059339 0.057214 0.056172 0.057000 0.071968 0.069610 0.071704 0.069911 0.071246 0.065491 0.067201 0.065485 0.064632 0.064594 0.068668 0.068774 0.068228 0.056564 0.055410 0.055223 0.053389 0.055017
 0.223073 0.183459 0.147617 0.131231 0.125120 0.128931 0.105730 0.125071 0.173602 0.237224 0.420872 0.297388 0.159344 0.115423 0.099792 0.090783 0.083415 0.081529 0.077076 0.076971 0.098497 0.114742 0.148614 0.217821 0.314188 1.000000 0.316203 0.197307 0.130241 0.102201 0.087661 0.084733 0.077705 0.068249 0.068365 0.064621 0.069848 0.080104 0.090548 0.099594 0.121080 0.157637 0.227631 0.302063 0.404427 0.274619 0.179527 0.120610 0.106627 0.088314 0.083793 0.071104 0.064025 0.058948 0.059268 0.059435 0.063559 0.073914 0.081350 0.089188 0.098252 0.115997 0.136232 0.176991 0.210395 0.232729 0.170377 0.130373 0.108236 0.095143 0.073410 0.068453 0.063828 0.059983 0.055542 0.054971 0.055069 0.056226 0.060509 0.071178 0.078734 0.083977 0.089441 0.100566 0.111219 0.131341 0.137460 0.118251 0.117718 0.099501 0.088814 0.091036 0.077255 0.078506 0.059369 0.057840 0.060703 0.063914 0.066464 0.065862 0.074953 0.077456 0.081582 0.087713 0.094577 0.098316 0.101931 0.072403 0.074057 0.067989 0.068633 0.065480 0.063681 0.062918 0.067315 0.069812 0.073970 0.067961 0.077689 0.078227 0.078944 0.079034 0.080869 0.086472 0.080958 0.059205 0.057461 0.059543 0.058572 0.058038 0.073123 0.069518 0.072681 0.072567 0.077355 0.073244 0.080260 0.079415 0.078663 0.078779 0.080864 0.079920 0.076187 0.054042 0.056756 0.055928 0.054349 0.056002
 0.156094 0.190337 0.091663 0.169114 0.133647 0.112914 0.079023 0.092407 0.098650 0.131363 0.233686 0.332685 0.219801 0.175567 0.137068 0.103607 0.088986 0.076053 0.067204 0.066906 0.079978 0.088703 0.096436 0.116648 0.145298 0.316203 1.000000 0.331438 0.210485 0.142958 0.104180 0.098632 0.082262 0.069206 0.067733 0.063967 0.065964 0.075029 0.082981 0.085346 0.095038 0.103356 0.110143 0.138836 0.269973 0.446796 0.343004 0.221511 0.154144 0.111309 0.094093 0.077866 0.067512 0.058965 0.057913 0.058305 0.062936 0.074997 0.081386 0.084127 0.089402 0.095612 0.100858 0.104358 0.126652 0.204418 0.235629 0.225242 0.165738 0.136526 0.087539 0.078803 0.068274 0.060089 0.056074 0.055015 0.055556 0.056434 0.060658 0.074077 0.080802 0.083493 0.085431 0.089885 0.095248 0.098488 0.096815 0.088271 0.114277 0.139105 0.134648 0.140683 0.103097 0.101334 0.057764 0.055876 0.060256 0.063916 0.068707 0.067608 0.079329 0.081799 0.083645 0.086165 0.088562 0.088776 0.083151 0.062071 0.068807 0.075244 0.088139 0.084272 0.061062 0.060437 0.066689 0.069797 0.076859 0.070250 0.082864 0.083544 0.083561 0.083958 0.083634 0.084182 0.077294 0.055860 0.056258 0.061564 0.064282 0.063319 0.074700 0.070633 0.073140 0.075363 0.080254 0.074711 0.085522 0.085367 0.084582 0.084739 0.085878 0.082940 0.078146 0.053588 0.057656 0.056531 0.056515 0.057422
 0.139698 0.233224 0.082997 0.241569 0.166360 0.116806 0.081503 0.086470 0.090396 0.092217 0.185281 0.382392 0.342314 0.272354 0.194069 0.140920 0.113396 0.085887 0.073844 0.072445 0.091436 0.091818 0.089168 0.086246 0.095525 0.197307 0.331438 1.000000 0.364573 0.246679 0.165805 0.139130 0.115274 0.084671 0.074944 0.066904 0.073850 0.087181 0.092700 0.091813 0.089221 0.092252 0.091831 0.101596 0.163588 0.312445 0.464325 0.348664 0.300593 0.184336 0.148880 0.105443 0.078431 0.065419 0.061163 0.060599 0.070180 0.086755 0.095978 0.096435 0.093632 0.095592 0.089991 0.087899 0.094188 0.138244 0.217250 0.287294 0.273752 0.224175 0.119487 0.097093 0.082693 0.069646 0.057685 0.053357 0.053330 0.053710 0.063823 0.083347 0.097858 0.099907 0.097591 0.101671 0.097319 0.095391 0.080002 0.073188 0.097604 0.126807 0.150667 0.174920 0.142078 0.136308 0.057232 0.054572 0.055703 0.059736 0.064661 0.071486 0.091353 0.095835 0.101426 0.100216 0.100387 0.092475 0.083252 0.059000 0.065457 0.074292 0.092911 0.095062 0.059066 0.057757 0.060238 0.063261 0.070000 0.072037 0.094657 0.099515 0.101005 0.096822 0.092660 0.095397 0.079726 0.055760 0.056814 0.062724 0.067229 0.065720 0.068003 0.065057 0.068370 0.069920 0.079187 0.080024 0.099758 0.101736 0.104272 0.103229 0.104111 0.098231 0.083945 0.055259 0.061544 0.058075 0.055693 0.058979
 0.129969 0.251893 0.081036 0.321961 0.198604 0.123122 0.082631 0.083126 0.082249 0.078534 0.148200 0.282997 0.436124 0.399290 0.283208 0.197661 0.140631 0.096902 0.079807 0.074523 0.090397 0.085128 0.080470 0.072978 0.076042 0.130241 0.210485 0.364573 1.000000 0.387580 0.248157 0.201249 0.154879 0.102885 0.085295 0.072415 0.077835 0.087807 0.088868 0.084549 0.082933 0.081107 0.075536 0.076340 0.097624 0.186227 0.283928 0.419101 0.443330 0.290787 0.223474 0.143335 0.096761 0.074019 0.065055 0.062827 0.073764 0.087766 0.095566 0.091468 0.085547 0.084958 0.080378 0.074107 0.072091 0.089370 0.136031 0.230856 0.267498 0.330672 0.173346 0.135505 0.107045 0.083525 0.063878 0.055857 0.053312 0.052308 0.065393 0.084738 0.097679 0.095692 0.090767 0.091723 0.087773 0.084346 0.067707 0.058601 0.068207 0.089112 0.118444 0.160095 0.180385 0.190097 0.058620 0.053356 0.052595 0.054427 0.059115 0.072384 0.090880 0.094024 0.096814 0.093768 0.093564 0.084909 0.078245 0.054887 0.056260 0.060579 0.077689 0.087430 0.056145 0.052991 0.053829 0.055749 0.061404 0.070272 0.093453 0.096990 0.098708 0.090927 0.087857 0.089909 0.077314 0.055010 0.054379 0.058506 0.063624 0.064499 0.060979 0.058311 0.059384 0.061316 0.069602 0.078708 0.098126 0.099599 0.100989 0.097745 0.099149 0.094231 0.082878 0.056174 0.063536 0.060231 0.057863 0.060056
 0.107834 0.201353 0.070758 0.327329 0.192695 0.115552 0.077980 0.084916 0.078643 0.071378 0.110705 0.196880 0.280185 0.487502 0.401031 0.251142 0.156282 0.098193 0.080179 0.075179 0.095485 0.091638 0.083266 0.070767 0.068134 0.102201 0.142958 0.246679 0.387580 1.000000 0.373039 0.303223 0.199392 0.118166 0.094201 0.075699 0.081171 0.095746 0.101930 0.096067 0.091875 0.084675 0.074188 0.067054 0.078222 0.125183 0.206903 0.313117 0.434564 0.461908 0.355482 0.212919 0.128842 0.086498 0.070988 0.065233 0.075799 0.095514 0.107419 0.106117 0.102870 0.095853 0.085993 0.074767 0.064769 0.072798 0.100797 0.166276 0.251704 0.408808 0.243676 0.215077 0.159599 0.113364 0.081234 0.062215 0.055999 0.052855 0.066524 0.092122 0.110031 0.111965 0.109101 0.107395 0.099832 0.090852 0.069667 0.055286 0.060875 0.074500 0.099364 0.155759 0.192181 0.254059 0.070681 0.058588 0.054858 0.053908 0.058675 0.074570 0.099049 0.108912 0.112740 0.111509 0.107679 0.094634 0.082913 0.055381 0.055075 0.057948 0.072360 0.085360 0.060712 0.055147 0.054670 0.054679 0.060423 0.072485 0.104046 0.111146 0.115544 0.109209 0.103204 0.102586 0.083459 0.055857 0.054406 0.057376 0.061873 0.064019 0.061648 0.059027 0.059204 0.060142 0.067529 0.082693 0.109791 0.114183 0.118962 0.116691 0.116013 0.108280 0.091529 0.058356 0.064191 0.059992 0.058315 0.061313
